327 189 011 057 077 361 177 147 265 391 247 127 353 041 245 027 019 215 413 181 
107 119 507 397 133 123 005 309 277 289 433 311 435 157 367 271 149 045 203 383 
083 357 103 477 305 333 359 403 223 225 029 461 143 381 401 099 091 007 237 211 
417 407 259 481 153 255 257 131 251 159 137 473 323 273 165 317 037 003 375 169 
055 369 449 445 155 385 065 275 209 325 345 485 329 469 457 145 377 489 303 213 
471 167 201 115 371 347 187 439 239 437 431 495 163 295 087 089 497 173 419 093 
053 179 229 067 139 097 491 079 467 129 253 185 235 349 047 111 231 335 499 075 
243 337 049 207 151 095 081 373 101 503 287 073 191 221 009 023 405 313 331 389 
355 063 161 399 443 117 315 291 241 195 071 199 085 039 447 021 415 135 293 121 
387 321 197 363 297 421 463 017 109 013 493 427 113 267 307 105 217 263 141 301 
125 283 279 015 233 465 423 395 171 269 451 501 425 261 033 411 051 025 455 069 
043 183 475 487 193 429 285 035 175 393 059 379 343 281 459 483 409 341 479 031 
351 219 365 001 061 339 299 319 441 205 249 505 453 227
